SE2
2
3
-0.9 -0.9 0 
-0.863265 -0.863265 0 
-0.826531 -0.826531 0 
-0.789796 -0.789796 0 
-0.753061 -0.753061 0 
-0.716327 -0.716327 0 
-0.679592 -0.679592 0 
-0.642857 -0.642857 0 
-0.606122 -0.606122 0 
-0.569388 -0.569388 0 
-0.532653 -0.532653 0 
-0.495918 -0.495918 0 
-0.459184 -0.459184 0 
-0.422449 -0.422449 0 
-0.385714 -0.385714 0 
-0.34898 -0.34898 0 
-0.312245 -0.312245 0 
-0.27551 -0.27551 0 
-0.238776 -0.238776 0 
-0.202041 -0.202041 0 
-0.165306 -0.165306 0 
-0.128571 -0.128571 0 
-0.0918367 -0.0918367 0 
-0.055102 -0.055102 0 
-0.0183673 -0.0183673 0 
0.0183673 0.0183673 0 
0.055102 0.055102 0 
0.0918367 0.0918367 0 
0.128571 0.128571 0 
0.165306 0.165306 0 
0.202041 0.202041 0 
0.238776 0.238776 0 
0.27551 0.27551 0 
0.312245 0.312245 0 
0.34898 0.34898 0 
0.385714 0.385714 0 
0.422449 0.422449 0 
0.459184 0.459184 0 
0.495918 0.495918 0 
0.532653 0.532653 0 
0.569388 0.569388 0 
0.606122 0.606122 0 
0.642857 0.642857 0 
0.679592 0.679592 0 
0.716327 0.716327 0 
0.753061 0.753061 0 
0.789796 0.789796 0 
0.826531 0.826531 0 
0.863265 0.863265 0 
0.9 0.9 0 

